AUC: 0.8954827325182099
AUPR: 0.8680729878453093