Pclass : 0.114262
Sex : 0.633664
Age : 0.053341
SibSp : 0.037026
Parch : 0.047246
Fare : 0.099423
Embarked : 0.015038
