Pclass : 0.096233
Sex : 0.632907
Age : 0.056587
SibSp : 0.061167
Parch : 0.030848
Fare : 0.105209
Embarked : 0.017048
