Pclass : 0.115287
Sex : 0.635963
Age : 0.045542
SibSp : 0.051615
Parch : 0.021374
Fare : 0.106541
Embarked : 0.023679
