AUC: 0.9177443116713047
AUPR: 0.8812392285794683